0.00000000000000e+00 0.19189052248265
1.00000000000000e-02 0.19189052248265
2.00000000000000e-02 0.19173484479058
3.00000000000000e-02 0.19147585422472
4.00000000000000e-02 0.19111426725357
5.00000000000000e-02 0.19065107649956
6.00000000000000e-02 0.19008754488246
7.00000000000000e-02 0.18942519644653
8.00000000000000e-02 0.18866580518063
9.00000000000000e-02 0.18781138225900
1.00000000000000e-01 0.18686416161535
1.10000000000000e-01 0.18582658444730
1.20000000000000e-01 0.18470128250370
1.30000000000000e-01 0.18349106058365
1.40000000000000e-01 0.18219887843938
1.50000000000000e-01 0.18082783223760
1.60000000000000e-01 0.17938113590134
1.70000000000000e-01 0.17786210248394
1.80000000000000e-01 0.17627412580096
1.90000000000000e-01 0.17462066252736
2.00000000000000e-01 0.17290521491681
2.10000000000000e-01 0.17113131432087
2.20000000000000e-01 0.16930250564050
2.30000000000000e-01 0.16742233277711
2.40000000000000e-01 0.16549432533525
2.50000000000000e-01 0.16352198635714
2.60000000000000e-01 0.16150878145026
2.70000000000000e-01 0.15945812912133
2.80000000000000e-01 0.15737339236852
2.90000000000000e-01 0.15525787152185
3.00000000000000e-01 0.15311479828386
3.10000000000000e-01 0.15094733090766
3.20000000000000e-01 0.14875855040665
3.30000000000000e-01 0.14655145776290
3.40000000000000e-01 0.14432897194920
3.50000000000000e-01 0.14209392878667
3.60000000000000e-01 0.13984908036922
3.70000000000000e-01 0.13759709505274
3.80000000000000e-01 0.13534055785902
3.90000000000000e-01 0.13308197116343
4.00000000000000e-01 0.13082375558254
4.10000000000000e-01 0.12856825095336
4.20000000000000e-01 0.12631771731688
4.30000000000000e-01 0.12407433580903
4.40000000000000e-01 0.12184020942171
4.50000000000000e-01 0.11961736354133
4.60000000000000e-01 0.11740774623783
4.70000000000000e-01 0.11521322828824
4.80000000000000e-01 0.11303560289205
4.90000000000000e-01 0.11087658510890
5.00000000000000e-01 0.10873781099521
5.10000000000000e-01 0.10662083646959
5.20000000000000e-01 0.10452713597200
5.30000000000000e-01 0.10245810090841
5.40000000000000e-01 0.10041503797444
5.50000000000000e-01 0.09839916737315
5.60000000000000e-01 0.09641162104441
5.70000000000000e-01 0.09445344089397
5.80000000000000e-01 0.09252557716521
5.90000000000000e-01 0.09062888695050
6.00000000000000e-01 0.08876413296143
6.10000000000000e-01 0.08693198256073
6.20000000000000e-01 0.08513300717636
6.30000000000000e-01 0.08336768207176
6.40000000000000e-01 0.08163638657405
6.50000000000000e-01 0.07993940476611
6.60000000000000e-01 0.07827692666890
6.70000000000000e-01 0.07664904993160
6.80000000000000e-01 0.07505578205802
6.90000000000000e-01 0.07349704312313
7.00000000000000e-01 0.07197266902571
7.10000000000000e-01 0.07048241522067
7.20000000000000e-01 0.06902596091784
7.30000000000000e-01 0.06760291371717
7.40000000000000e-01 0.06621281464164
7.50000000000000e-01 0.06485514351896
7.60000000000000e-01 0.06352932466678
7.70000000000000e-01 0.06223473281660
7.80000000000000e-01 0.06097069924166
7.90000000000000e-01 0.05973651800795
8.00000000000000e-01 0.05853145229167
8.10000000000000e-01 0.05735474071165
8.20000000000000e-01 0.05620560360772
8.30000000000000e-01 0.05508324919702
8.40000000000000e-01 0.05398687956214
8.50000000000000e-01 0.05291569640641
8.60000000000000e-01 0.05186890652851
8.70000000000000e-01 0.05084572695044
8.80000000000000e-01 0.04984538967986
8.90000000000000e-01 0.04886714603935
9.00000000000000e-01 0.04791027054488
9.10000000000000e-01 0.04697406430091
9.20000000000000e-01 0.04605785787742
9.30000000000000e-01 0.04516101367684
9.40000000000000e-01 0.04428292775530
9.50000000000000e-01 0.04342303111355
9.60000000000000e-01 0.04258079045782
9.70000000000000e-01 0.04175570843767
9.80000000000000e-01 0.04094732339200
9.90000000000000e-01 0.04015520858128
1.00000000000000e+00 0.03937897105188
1.01000000000000e+00 0.03861825004823
1.02000000000000e+00 0.03787271289923
1.03000000000000e+00 0.03714204610275
1.04000000000000e+00 0.03642594390700
1.05000000000000e+00 0.03572410543638
1.06000000000000e+00 0.03503623612716
1.07000000000000e+00 0.03436204859444
1.08000000000000e+00 0.03370126119236
1.09000000000000e+00 0.03305359830460
1.10000000000000e+00 0.03241879018408
1.11000000000000e+00 0.03179657280158
1.12000000000000e+00 0.03118668773461
1.13000000000000e+00 0.03058888203902
1.14000000000000e+00 0.03000290813698
1.15000000000000e+00 0.02942852369642
1.16000000000000e+00 0.02886549151972
1.17000000000000e+00 0.02831357943179
1.18000000000000e+00 0.02777256017116
1.19000000000000e+00 0.02724221128540
1.20000000000000e+00 0.02672231502334
1.21000000000000e+00 0.02621265823627
1.22000000000000e+00 0.02571303227773
1.23000000000000e+00 0.02522323290334
1.24000000000000e+00 0.02474306017986
1.25000000000000e+00 0.02427231838630
1.26000000000000e+00 0.02381081592778
1.27000000000000e+00 0.02335836524178
1.28000000000000e+00 0.02291478271437
1.29000000000000e+00 0.02247988859017
1.30000000000000e+00 0.02205350689400
1.31000000000000e+00 0.02163546534363
1.32000000000000e+00 0.02122559527441
1.33000000000000e+00 0.02082373155728
1.34000000000000e+00 0.02042971252327
1.35000000000000e+00 0.02004337988986
1.36000000000000e+00 0.01966457868548
1.37000000000000e+00 0.01929315718001
1.38000000000000e+00 0.01892896681256
1.39000000000000e+00 0.01857186212393
1.40000000000000e+00 0.01822170068979
1.41000000000000e+00 0.01787834305378
1.42000000000000e+00 0.01754165266523
1.43000000000000e+00 0.01721149581501
1.44000000000000e+00 0.01688774157404
1.45000000000000e+00 0.01657026173435
1.46000000000000e+00 0.01625893074916
1.47000000000000e+00 0.01595362567739
1.48000000000000e+00 0.01565422612499
1.49000000000000e+00 0.01536061419182
1.50000000000000e+00 0.01507267441751
1.51000000000000e+00 0.01479029372875
1.52000000000000e+00 0.01451336138856
1.53000000000000e+00 0.01424176894545
1.54000000000000e+00 0.01397541018528
1.55000000000000e+00 0.01371418108125
1.56000000000000e+00 0.01345797974967
1.57000000000000e+00 0.01320670640245
1.58000000000000e+00 0.01296026330192
1.59000000000000e+00 0.01271855471850
1.60000000000000e+00 0.01248148688597
1.61000000000000e+00 0.01224896796142
1.62000000000000e+00 0.01202090798263
1.63000000000000e+00 0.01179721882813
1.64000000000000e+00 0.01157781417933
1.65000000000000e+00 0.01136260948099
1.66000000000000e+00 0.01115152190343
1.67000000000000e+00 0.01094447030677
1.68000000000000e+00 0.01074137520461
1.69000000000000e+00 0.01054215872923
1.70000000000000e+00 0.01034674459657
1.71000000000000e+00 0.01015505807370
1.72000000000000e+00 0.00996702594504
1.73000000000000e+00 0.00978257648097
1.74000000000000e+00 0.00960163940627
1.75000000000000e+00 0.00942414586931
1.76000000000000e+00 0.00925002841218
1.77000000000000e+00 0.00907922094091
1.78000000000000e+00 0.00891165869746
1.79000000000000e+00 0.00874727823172
1.80000000000000e+00 0.00858601737300
1.81000000000000e+00 0.00842781520433
1.82000000000000e+00 0.00827261203536
1.83000000000000e+00 0.00812034937717
1.84000000000000e+00 0.00797096991730
1.85000000000000e+00 0.00782441749474
1.86000000000000e+00 0.00768063707565
1.87000000000000e+00 0.00753957473088
1.88000000000000e+00 0.00740117761181
1.89000000000000e+00 0.00726539392918
1.90000000000000e+00 0.00713217292934
1.91000000000000e+00 0.00700146487426
1.92000000000000e+00 0.00687322101997
1.93000000000000e+00 0.00674739359555
1.94000000000000e+00 0.00662393578362
1.95000000000000e+00 0.00650280170006
1.96000000000000e+00 0.00638394637544
1.97000000000000e+00 0.00626732573545
1.98000000000000e+00 0.00615289658256
1.99000000000000e+00 0.00604061657820
2.00000000000000e+00 0.00593044422527
2.01000000000000e+00 0.00582233885008
2.02000000000000e+00 0.00571626058656
2.03000000000000e+00 0.00561217035819
2.04000000000000e+00 0.00551002986340
2.05000000000000e+00 0.00540980155903
2.06000000000000e+00 0.00531144864414
2.07000000000000e+00 0.00521493504585
2.08000000000000e+00 0.00512022540435
2.09000000000000e+00 0.00502728505778
2.10000000000000e+00 0.00493608002851
2.11000000000000e+00 0.00484657700889
2.12000000000000e+00 0.00475874334781
2.13000000000000e+00 0.00467254703767
2.14000000000000e+00 0.00458795670032
2.15000000000000e+00 0.00450494157554
2.16000000000000e+00 0.00442347150778
2.17000000000000e+00 0.00434351693382
2.18000000000000e+00 0.00426504887134
2.19000000000000e+00 0.00418803890664
2.20000000000000e+00 0.00411245918360
2.21000000000000e+00 0.00403828239212
2.22000000000000e+00 0.00396548175710
2.23000000000000e+00 0.00389403102811
2.24000000000000e+00 0.00382390446805
2.25000000000000e+00 0.00375507684381
2.26000000000000e+00 0.00368752341530
2.27000000000000e+00 0.00362121992574
2.28000000000000e+00 0.00355614259219
2.29000000000000e+00 0.00349226809642
2.30000000000000e+00 0.00342957357447
2.31000000000000e+00 0.00336803660849
2.32000000000000e+00 0.00330763521751
2.33000000000000e+00 0.00324834784903
2.34000000000000e+00 0.00319015336967
2.35000000000000e+00 0.00313303105788
2.36000000000000e+00 0.00307696059461
2.37000000000000e+00 0.00302192205622
2.38000000000000e+00 0.00296789590623
2.39000000000000e+00 0.00291486298741
2.40000000000000e+00 0.00286280451453
2.41000000000000e+00 0.00281170206698
2.42000000000000e+00 0.00276153758108
2.43000000000000e+00 0.00271229334381
2.44000000000000e+00 0.00266395198506
2.45000000000000e+00 0.00261649647119
2.46000000000000e+00 0.00256991009843
2.47000000000000e+00 0.00252417648600
2.48000000000000e+00 0.00247927957029
2.49000000000000e+00 0.00243520359804
2.50000000000000e+00 0.00239193312023
2.51000000000000e+00 0.00234945298667
2.52000000000000e+00 0.00230774833946
2.53000000000000e+00 0.00226680460727
2.54000000000000e+00 0.00222660750009
2.55000000000000e+00 0.00218714300338
2.56000000000000e+00 0.00214839737261
2.57000000000000e+00 0.00211035712812
2.58000000000000e+00 0.00207300904986
2.59000000000000e+00 0.00203634017199
2.60000000000000e+00 0.00200033777840
2.61000000000000e+00 0.00196498939738
2.62000000000000e+00 0.00193028279704
2.63000000000000e+00 0.00189620598036
2.64000000000000e+00 0.00186274718089
2.65000000000000e+00 0.00182989485790
2.66000000000000e+00 0.00179763769239
2.67000000000000e+00 0.00176596458202
2.68000000000000e+00 0.00173486463773
2.69000000000000e+00 0.00170432717896
2.70000000000000e+00 0.00167434172960
2.71000000000000e+00 0.00164489801441
2.72000000000000e+00 0.00161598595458
2.73000000000000e+00 0.00158759566425
2.74000000000000e+00 0.00155971744647
2.75000000000000e+00 0.00153234178963
2.76000000000000e+00 0.00150545936401
2.77000000000000e+00 0.00147906101779
2.78000000000000e+00 0.00145313777396
2.79000000000000e+00 0.00142768082695
2.80000000000000e+00 0.00140268153877
2.81000000000000e+00 0.00137813143638
2.82000000000000e+00 0.00135402220810
2.83000000000000e+00 0.00133034570026
2.84000000000000e+00 0.00130709391488
2.85000000000000e+00 0.00128425900584
2.86000000000000e+00 0.00126183327629
2.87000000000000e+00 0.00123980917569
2.88000000000000e+00 0.00121817929695
2.89000000000000e+00 0.00119693637377
2.90000000000000e+00 0.00117607327765
2.91000000000000e+00 0.00115558301533
2.92000000000000e+00 0.00113545872635
2.93000000000000e+00 0.00111569368001
2.94000000000000e+00 0.00109628127333
2.95000000000000e+00 0.00107721502832
2.96000000000000e+00 0.00105848858969
2.97000000000000e+00 0.00104009572225
2.98000000000000e+00 0.00102203030868
2.99000000000000e+00 0.00100428634743
3.00000000000000e+00 0.00098685795017
3.01000000000000e+00 0.00096973933992
3.02000000000000e+00 0.00095292484845
3.03000000000000e+00 0.00093640891480
3.04000000000000e+00 0.00092018608255
3.05000000000000e+00 0.00090425099820
3.06000000000000e+00 0.00088859840913
3.07000000000000e+00 0.00087322316141
3.08000000000000e+00 0.00085812019825
3.09000000000000e+00 0.00084328455782
3.10000000000000e+00 0.00082871137169
3.11000000000000e+00 0.00081439586277
3.12000000000000e+00 0.00080033334362
3.13000000000000e+00 0.00078651921480
3.14000000000000e+00 0.00077294896314
3.15000000000000e+00 0.00075961816003
3.16000000000000e+00 0.00074652245984
3.17000000000000e+00 0.00073365759828
3.18000000000000e+00 0.00072101939087
3.19000000000000e+00 0.00070860373139
3.20000000000000e+00 0.00069640659036
3.21000000000000e+00 0.00068442401356
3.22000000000000e+00 0.00067265212065
3.23000000000000e+00 0.00066108710363
3.24000000000000e+00 0.00064972522558
3.25000000000000e+00 0.00063856281919
3.26000000000000e+00 0.00062759628546
3.27000000000000e+00 0.00061682209243
3.28000000000000e+00 0.00060623677383
3.29000000000000e+00 0.00059583692785
3.30000000000000e+00 0.00058561921593
3.31000000000000e+00 0.00057558036148
3.32000000000000e+00 0.00056571714876
3.33000000000000e+00 0.00055602642168
3.34000000000000e+00 0.00054650508267
3.35000000000000e+00 0.00053715009156
3.36000000000000e+00 0.00052795846449
3.37000000000000e+00 0.00051892727279
3.38000000000000e+00 0.00051005364202
3.39000000000000e+00 0.00050133475081
3.40000000000000e+00 0.00049276782997
3.41000000000000e+00 0.00048435016141
3.42000000000000e+00 0.00047607907721
3.43000000000000e+00 0.00046795195861
3.44000000000000e+00 0.00045996623516
3.45000000000000e+00 0.00045211938374
3.46000000000000e+00 0.00044440892766
3.47000000000000e+00 0.00043683243579
3.48000000000000e+00 0.00042938752171
3.49000000000000e+00 0.00042207184284
3.50000000000000e+00 0.00041488309960
3.51000000000000e+00 0.00040781903461
3.52000000000000e+00 0.00040087743190
3.53000000000000e+00 0.00039405611610
3.54000000000000e+00 0.00038735295169
3.55000000000000e+00 0.00038076584224
3.56000000000000e+00 0.00037429272964
3.57000000000000e+00 0.00036793159344
3.58000000000000e+00 0.00036168045010
3.59000000000000e+00 0.00035553735226
3.60000000000000e+00 0.00034950038813
3.61000000000000e+00 0.00034356768076
3.62000000000000e+00 0.00033773738741
3.63000000000000e+00 0.00033200769890
3.64000000000000e+00 0.00032637683896
3.65000000000000e+00 0.00032084306366
3.66000000000000e+00 0.00031540466074
3.67000000000000e+00 0.00031005994905
3.68000000000000e+00 0.00030480727797
3.69000000000000e+00 0.00029964502681
3.70000000000000e+00 0.00029457160428
3.71000000000000e+00 0.00028958544790
3.72000000000000e+00 0.00028468502351
3.73000000000000e+00 0.00027986882468
3.74000000000000e+00 0.00027513537226
3.75000000000000e+00 0.00027048321380
3.76000000000000e+00 0.00026591092311
3.77000000000000e+00 0.00026141709970
3.78000000000000e+00 0.00025700036839
3.79000000000000e+00 0.00025265937877
3.80000000000000e+00 0.00024839280475
3.81000000000000e+00 0.00024419934413
3.82000000000000e+00 0.00024007771814
3.83000000000000e+00 0.00023602667098
3.84000000000000e+00 0.00023204496945
3.85000000000000e+00 0.00022813140247
3.86000000000000e+00 0.00022428478072
3.87000000000000e+00 0.00022050393619
3.88000000000000e+00 0.00021678772181
3.89000000000000e+00 0.00021313501107
3.90000000000000e+00 0.00020954469762
3.91000000000000e+00 0.00020601569491
3.92000000000000e+00 0.00020254693580
3.93000000000000e+00 0.00019913737225
3.94000000000000e+00 0.00019578597490
3.95000000000000e+00 0.00019249173279
3.96000000000000e+00 0.00018925365297
3.97000000000000e+00 0.00018607076022
3.98000000000000e+00 0.00018294209666
3.99000000000000e+00 0.00017986672148
4.00000000000000e+00 0.00017684371062
4.01000000000000e+00 0.00017387215641
4.02000000000000e+00 0.00017095116738
4.03000000000000e+00 0.00016807986782
4.04000000000000e+00 0.00016525739761
4.05000000000000e+00 0.00016248291188
4.06000000000000e+00 0.00015975558073
4.07000000000000e+00 0.00015707458897
4.08000000000000e+00 0.00015443913584
4.09000000000000e+00 0.00015184843476
4.10000000000000e+00 0.00014930171306
4.11000000000000e+00 0.00014679821174
4.12000000000000e+00 0.00014433718517
4.13000000000000e+00 0.00014191790094
4.14000000000000e+00 0.00013953963952
4.15000000000000e+00 0.00013720169409
4.16000000000000e+00 0.00013490337030
4.17000000000000e+00 0.00013264398600
4.18000000000000e+00 0.00013042287107
4.19000000000000e+00 0.00012823936720
4.20000000000000e+00 0.00012609282763
4.21000000000000e+00 0.00012398261697
4.22000000000000e+00 0.00012190811101
4.23000000000000e+00 0.00011986869648
4.24000000000000e+00 0.00011786377089
4.25000000000000e+00 0.00011589274232
4.26000000000000e+00 0.00011395502919
4.27000000000000e+00 0.00011205006016
4.28000000000000e+00 0.00011017727385
4.29000000000000e+00 0.00010833611874
4.30000000000000e+00 0.00010652605294
4.31000000000000e+00 0.00010474654403
4.32000000000000e+00 0.00010299706891
4.33000000000000e+00 0.00010127711361
4.34000000000000e+00 0.00009958617311
4.35000000000000e+00 0.00009792375124
4.36000000000000e+00 0.00009628936046
4.37000000000000e+00 0.00009468252174
4.38000000000000e+00 0.00009310276436
4.39000000000000e+00 0.00009154962585
4.40000000000000e+00 0.00009002265175
4.41000000000000e+00 0.00008852139552
4.42000000000000e+00 0.00008704541839
4.43000000000000e+00 0.00008559428920
4.44000000000000e+00 0.00008416758429
4.45000000000000e+00 0.00008276488736
4.46000000000000e+00 0.00008138578932
4.47000000000000e+00 0.00008002988819
4.48000000000000e+00 0.00007869678895
4.49000000000000e+00 0.00007738610344
4.50000000000000e+00 0.00007609745020
4.51000000000000e+00 0.00007483045440
4.52000000000000e+00 0.00007358474768
4.53000000000000e+00 0.00007235996807
4.54000000000000e+00 0.00007115575983
4.55000000000000e+00 0.00006997177340
4.56000000000000e+00 0.00006880766524
4.57000000000000e+00 0.00006766309776
4.58000000000000e+00 0.00006653773916
4.59000000000000e+00 0.00006543126341
4.60000000000000e+00 0.00006434335009
4.61000000000000e+00 0.00006327368428
4.62000000000000e+00 0.00006222195651
4.63000000000000e+00 0.00006118786264
4.64000000000000e+00 0.00006017110377
4.65000000000000e+00 0.00005917138612
4.66000000000000e+00 0.00005818842100
4.67000000000000e+00 0.00005722192465
4.68000000000000e+00 0.00005627161821
4.69000000000000e+00 0.00005533722762
4.70000000000000e+00 0.00005441848350
4.71000000000000e+00 0.00005351512111
4.72000000000000e+00 0.00005262688027
4.73000000000000e+00 0.00005175350524
4.74000000000000e+00 0.00005089474467
4.75000000000000e+00 0.00005005035154
4.76000000000000e+00 0.00004922008305
4.77000000000000e+00 0.00004840370054
4.78000000000000e+00 0.00004760096948
4.79000000000000e+00 0.00004681165932
4.80000000000000e+00 0.00004603554347
4.81000000000000e+00 0.00004527239923
4.82000000000000e+00 0.00004452200767
4.83000000000000e+00 0.00004378415365
4.84000000000000e+00 0.00004305862568
4.85000000000000e+00 0.00004234521588
4.86000000000000e+00 0.00004164371994
4.87000000000000e+00 0.00004095393701
4.88000000000000e+00 0.00004027566972
4.89000000000000e+00 0.00003960872401
4.90000000000000e+00 0.00003895290915
4.91000000000000e+00 0.00003830803769
4.92000000000000e+00 0.00003767392534
4.93000000000000e+00 0.00003705039096
4.94000000000000e+00 0.00003643725651
4.95000000000000e+00 0.00003583434696
4.96000000000000e+00 0.00003524149029
4.97000000000000e+00 0.00003465851738
4.98000000000000e+00 0.00003408526200
4.99000000000000e+00 0.00003352156074
5.00000000000000e+00 0.00003296725300
5.01000000000000e+00 0.00003242218085
5.02000000000000e+00 0.00003188618911
5.03000000000000e+00 0.00003135912520
5.04000000000000e+00 0.00003084083914
5.05000000000000e+00 0.00003033118349
5.06000000000000e+00 0.00002983001332
5.07000000000000e+00 0.00002933718617
5.08000000000000e+00 0.00002885256199
5.09000000000000e+00 0.00002837600309
5.10000000000000e+00 0.00002790737413
5.11000000000000e+00 0.00002744654208
5.12000000000000e+00 0.00002699337614
5.13000000000000e+00 0.00002654774773
5.14000000000000e+00 0.00002610953046
5.15000000000000e+00 0.00002567860007
5.16000000000000e+00 0.00002525483441
5.17000000000000e+00 0.00002483811341
5.18000000000000e+00 0.00002442831901
5.19000000000000e+00 0.00002402533516
5.20000000000000e+00 0.00002362904776
5.21000000000000e+00 0.00002323934467
5.22000000000000e+00 0.00002285611562
5.23000000000000e+00 0.00002247925221
5.24000000000000e+00 0.00002210864787
5.25000000000000e+00 0.00002174419784
5.26000000000000e+00 0.00002138579913
5.27000000000000e+00 0.00002103335048
5.28000000000000e+00 0.00002068675234
5.29000000000000e+00 0.00002034590685
5.30000000000000e+00 0.00002001071780
5.31000000000000e+00 0.00001968109060
5.32000000000000e+00 0.00001935693225
5.33000000000000e+00 0.00001903815134
5.34000000000000e+00 0.00001872465797
5.35000000000000e+00 0.00001841636379
5.36000000000000e+00 0.00001811318192
5.37000000000000e+00 0.00001781502694
5.38000000000000e+00 0.00001752181488
5.39000000000000e+00 0.00001723346318
5.40000000000000e+00 0.00001694989069
5.41000000000000e+00 0.00001667101759
5.42000000000000e+00 0.00001639676543
5.43000000000000e+00 0.00001612705707
5.44000000000000e+00 0.00001586181668
5.45000000000000e+00 0.00001560096971
5.46000000000000e+00 0.00001534444283
5.47000000000000e+00 0.00001509216398
5.48000000000000e+00 0.00001484406230
5.49000000000000e+00 0.00001460006812
5.50000000000000e+00 0.00001436011295
5.51000000000000e+00 0.00001412412943
5.52000000000000e+00 0.00001389205135
5.53000000000000e+00 0.00001366381361
5.54000000000000e+00 0.00001343935221
5.55000000000000e+00 0.00001321860422
5.56000000000000e+00 0.00001300150775
5.57000000000000e+00 0.00001278800197
5.58000000000000e+00 0.00001257802707
5.59000000000000e+00 0.00001237152424
5.60000000000000e+00 0.00001216843566
5.61000000000000e+00 0.00001196870447
5.62000000000000e+00 0.00001177227477
5.63000000000000e+00 0.00001157909161
5.64000000000000e+00 0.00001138910094
5.65000000000000e+00 0.00001120224964
5.66000000000000e+00 0.00001101848546
5.67000000000000e+00 0.00001083775703
5.68000000000000e+00 0.00001066001386
5.69000000000000e+00 0.00001048520628
5.70000000000000e+00 0.00001031328547
5.71000000000000e+00 0.00001014420342
5.72000000000000e+00 0.00000997791293
5.73000000000000e+00 0.00000981436759
5.74000000000000e+00 0.00000965352175
5.75000000000000e+00 0.00000949533056
5.76000000000000e+00 0.00000933974989
5.77000000000000e+00 0.00000918673635
5.78000000000000e+00 0.00000903624730
5.79000000000000e+00 0.00000888824080
5.80000000000000e+00 0.00000874267560
5.81000000000000e+00 0.00000859951116
5.82000000000000e+00 0.00000845870760
5.83000000000000e+00 0.00000832022572
5.84000000000000e+00 0.00000818402698
5.85000000000000e+00 0.00000805007347
5.86000000000000e+00 0.00000791832791
5.87000000000000e+00 0.00000778875368
5.88000000000000e+00 0.00000766131472
5.89000000000000e+00 0.00000753597561
5.90000000000000e+00 0.00000741270150
5.91000000000000e+00 0.00000729145815
5.92000000000000e+00 0.00000717221187
5.93000000000000e+00 0.00000705492952
5.94000000000000e+00 0.00000693957856
5.95000000000000e+00 0.00000682612693
5.96000000000000e+00 0.00000671454317
5.97000000000000e+00 0.00000660479630
5.98000000000000e+00 0.00000649685587
5.99000000000000e+00 0.00000639069195
6.00000000000000e+00 0.00000628627509
6.01000000000000e+00 0.00000618357635
6.02000000000000e+00 0.00000608256726
6.03000000000000e+00 0.00000598321982
6.04000000000000e+00 0.00000588550652
6.05000000000000e+00 0.00000578940029
6.06000000000000e+00 0.00000569487452
6.07000000000000e+00 0.00000560190303
6.08000000000000e+00 0.00000551046009
6.09000000000000e+00 0.00000542052040
6.10000000000000e+00 0.00000533205908
6.11000000000000e+00 0.00000524505165
6.12000000000000e+00 0.00000515947406
6.13000000000000e+00 0.00000507530264
6.14000000000000e+00 0.00000499251414
6.15000000000000e+00 0.00000491108567
6.16000000000000e+00 0.00000483099473
6.17000000000000e+00 0.00000475221922
6.18000000000000e+00 0.00000467473736
6.19000000000000e+00 0.00000459852777
6.20000000000000e+00 0.00000452356941
6.21000000000000e+00 0.00000444984160
6.22000000000000e+00 0.00000437732400
6.23000000000000e+00 0.00000430599661
6.24000000000000e+00 0.00000423583975
6.25000000000000e+00 0.00000416683408
6.26000000000000e+00 0.00000409896059
6.27000000000000e+00 0.00000403220056
6.28000000000000e+00 0.00000396653561
6.29000000000000e+00 0.00000390194765
6.30000000000000e+00 0.00000383841889
6.31000000000000e+00 0.00000377593184
6.32000000000000e+00 0.00000371446930
6.33000000000000e+00 0.00000365401436
6.34000000000000e+00 0.00000359455039
6.35000000000000e+00 0.00000353606102
6.36000000000000e+00 0.00000347853017
6.37000000000000e+00 0.00000342194203
6.38000000000000e+00 0.00000336628104
6.39000000000000e+00 0.00000331153190
6.40000000000000e+00 0.00000325767958
6.41000000000000e+00 0.00000320470928
6.42000000000000e+00 0.00000315260645
6.43000000000000e+00 0.00000310135679
6.44000000000000e+00 0.00000305094623
6.45000000000000e+00 0.00000300136093
6.46000000000000e+00 0.00000295258730
6.47000000000000e+00 0.00000290461195
6.48000000000000e+00 0.00000285742173
6.49000000000000e+00 0.00000281100369
6.50000000000000e+00 0.00000276534512
6.51000000000000e+00 0.00000272043349
6.52000000000000e+00 0.00000267625652
6.53000000000000e+00 0.00000263280208
6.54000000000000e+00 0.00000259005830
6.55000000000000e+00 0.00000254801345
6.56000000000000e+00 0.00000250665603
6.57000000000000e+00 0.00000246597473
6.58000000000000e+00 0.00000242595841
6.59000000000000e+00 0.00000238659613
6.60000000000000e+00 0.00000234787712
6.61000000000000e+00 0.00000230979080
6.62000000000000e+00 0.00000227232675
6.63000000000000e+00 0.00000223547474
6.64000000000000e+00 0.00000219922469
6.65000000000000e+00 0.00000216356671
6.66000000000000e+00 0.00000212849105
6.67000000000000e+00 0.00000209398815
6.68000000000000e+00 0.00000206004858
6.69000000000000e+00 0.00000202666307
6.70000000000000e+00 0.00000199382253
6.71000000000000e+00 0.00000196151799
6.72000000000000e+00 0.00000192974064
6.73000000000000e+00 0.00000189848181
6.74000000000000e+00 0.00000186773300
6.75000000000000e+00 0.00000183748581
6.76000000000000e+00 0.00000180773200
6.77000000000000e+00 0.00000177846348
6.78000000000000e+00 0.00000174967226
6.79000000000000e+00 0.00000172135052
6.80000000000000e+00 0.00000169349054
6.81000000000000e+00 0.00000166608473
6.82000000000000e+00 0.00000163912565
6.83000000000000e+00 0.00000161260596
6.84000000000000e+00 0.00000158651844
6.85000000000000e+00 0.00000156085601
6.86000000000000e+00 0.00000153561168
6.87000000000000e+00 0.00000151077861
6.88000000000000e+00 0.00000148635003
6.89000000000000e+00 0.00000146231932
6.90000000000000e+00 0.00000143867994
6.91000000000000e+00 0.00000141542549
6.92000000000000e+00 0.00000139254964
6.93000000000000e+00 0.00000137004619
6.94000000000000e+00 0.00000134790904
6.95000000000000e+00 0.00000132613218
6.96000000000000e+00 0.00000130470970
6.97000000000000e+00 0.00000128363579
6.98000000000000e+00 0.00000126290475
6.99000000000000e+00 0.00000124251095
7.00000000000000e+00 0.00000122244888
7.01000000000000e+00 0.00000120271308
7.02000000000000e+00 0.00000118329823
7.03000000000000e+00 0.00000116419906
7.04000000000000e+00 0.00000114541041
7.05000000000000e+00 0.00000112692718
7.06000000000000e+00 0.00000110874439
7.07000000000000e+00 0.00000109085710
7.08000000000000e+00 0.00000107326049
7.09000000000000e+00 0.00000105594980
7.10000000000000e+00 0.00000103892034
7.11000000000000e+00 0.00000102216751
7.12000000000000e+00 0.00000100568680
7.13000000000000e+00 0.00000098947374
7.14000000000000e+00 0.00000097352397
7.15000000000000e+00 0.00000095783316
7.16000000000000e+00 0.00000094239710
7.17000000000000e+00 0.00000092721160
7.18000000000000e+00 0.00000091227258
7.19000000000000e+00 0.00000089757601
7.20000000000000e+00 0.00000088311792
7.21000000000000e+00 0.00000086889442
7.22000000000000e+00 0.00000085490167
7.23000000000000e+00 0.00000084113590
7.24000000000000e+00 0.00000082759340
7.25000000000000e+00 0.00000081427053
7.26000000000000e+00 0.00000080116370
7.27000000000000e+00 0.00000078826937
7.28000000000000e+00 0.00000077558408
7.29000000000000e+00 0.00000076310442
7.30000000000000e+00 0.00000075082703
7.31000000000000e+00 0.00000073874860
7.32000000000000e+00 0.00000072686590
7.33000000000000e+00 0.00000071517571
7.34000000000000e+00 0.00000070367491
7.35000000000000e+00 0.00000069236040
7.36000000000000e+00 0.00000068122914
7.37000000000000e+00 0.00000067027815
7.38000000000000e+00 0.00000065950447
7.39000000000000e+00 0.00000064890523
7.40000000000000e+00 0.00000063847757
7.41000000000000e+00 0.00000062821871
7.42000000000000e+00 0.00000061812587
7.43000000000000e+00 0.00000060819637
7.44000000000000e+00 0.00000059842753
7.45000000000000e+00 0.00000058881675
7.46000000000000e+00 0.00000057936143
7.47000000000000e+00 0.00000057005906
7.48000000000000e+00 0.00000056090713
7.49000000000000e+00 0.00000055190320
7.50000000000000e+00 0.00000054304485
7.51000000000000e+00 0.00000053432972
7.52000000000000e+00 0.00000052575548
7.53000000000000e+00 0.00000051731982
7.54000000000000e+00 0.00000050902049
7.55000000000000e+00 0.00000050085528
7.56000000000000e+00 0.00000049282200
7.57000000000000e+00 0.00000048491850
7.58000000000000e+00 0.00000047714267
7.59000000000000e+00 0.00000046949243
7.60000000000000e+00 0.00000046196575
7.61000000000000e+00 0.00000045456060
7.62000000000000e+00 0.00000044727502
7.63000000000000e+00 0.00000044010706
7.64000000000000e+00 0.00000043305480
7.65000000000000e+00 0.00000042611637
7.66000000000000e+00 0.00000041928991
7.67000000000000e+00 0.00000041257361
7.68000000000000e+00 0.00000040596567
7.69000000000000e+00 0.00000039946434
7.70000000000000e+00 0.00000039306787
7.71000000000000e+00 0.00000038677457
7.72000000000000e+00 0.00000038058276
7.73000000000000e+00 0.00000037449079
7.74000000000000e+00 0.00000036849704
7.75000000000000e+00 0.00000036259992
7.76000000000000e+00 0.00000035679785
7.77000000000000e+00 0.00000035108930
7.78000000000000e+00 0.00000034547274
7.79000000000000e+00 0.00000033994668
7.80000000000000e+00 0.00000033450965
7.81000000000000e+00 0.00000032916021
7.82000000000000e+00 0.00000032389693
7.83000000000000e+00 0.00000031871843
7.84000000000000e+00 0.00000031362331
7.85000000000000e+00 0.00000030861024
7.86000000000000e+00 0.00000030367787
7.87000000000000e+00 0.00000029882491
7.88000000000000e+00 0.00000029405006
7.89000000000000e+00 0.00000028935205
7.90000000000000e+00 0.00000028472965
7.91000000000000e+00 0.00000028018162
7.92000000000000e+00 0.00000027570676
7.93000000000000e+00 0.00000027130388
7.94000000000000e+00 0.00000026697182
7.95000000000000e+00 0.00000026270944
7.96000000000000e+00 0.00000025851559
7.97000000000000e+00 0.00000025438918
7.98000000000000e+00 0.00000025032910
7.99000000000000e+00 0.00000024633429
8.00000000000000e+00 0.00000024240369
8.01000000000000e+00 0.00000023853626
8.02000000000000e+00 0.00000023473097
8.03000000000000e+00 0.00000023098682
8.04000000000000e+00 0.00000022730283
8.05000000000000e+00 0.00000022367801
8.06000000000000e+00 0.00000022011141
8.07000000000000e+00 0.00000021660209
8.08000000000000e+00 0.00000021314912
8.09000000000000e+00 0.00000020975159
8.10000000000000e+00 0.00000020640860
8.11000000000000e+00 0.00000020311928
8.12000000000000e+00 0.00000019988275
8.13000000000000e+00 0.00000019669816
8.14000000000000e+00 0.00000019356467
8.15000000000000e+00 0.00000019048145
8.16000000000000e+00 0.00000018744770
8.17000000000000e+00 0.00000018446261
8.18000000000000e+00 0.00000018152539
8.19000000000000e+00 0.00000017863528
8.20000000000000e+00 0.00000017579151
8.21000000000000e+00 0.00000017299334
8.22000000000000e+00 0.00000017024002
8.23000000000000e+00 0.00000016753083
8.24000000000000e+00 0.00000016486507
8.25000000000000e+00 0.00000016224203
8.26000000000000e+00 0.00000015966101
8.27000000000000e+00 0.00000015712135
8.28000000000000e+00 0.00000015462237
8.29000000000000e+00 0.00000015216342
8.30000000000000e+00 0.00000014974385
8.31000000000000e+00 0.00000014736303
8.32000000000000e+00 0.00000014502033
8.33000000000000e+00 0.00000014271514
8.34000000000000e+00 0.00000014044685
8.35000000000000e+00 0.00000013821487
8.36000000000000e+00 0.00000013601861
8.37000000000000e+00 0.00000013385749
8.38000000000000e+00 0.00000013173095
8.39000000000000e+00 0.00000012963844
8.40000000000000e+00 0.00000012757940
8.41000000000000e+00 0.00000012555330
8.42000000000000e+00 0.00000012355959
8.43000000000000e+00 0.00000012159777
8.44000000000000e+00 0.00000011966732
8.45000000000000e+00 0.00000011776773
8.46000000000000e+00 0.00000011589851
8.47000000000000e+00 0.00000011405917
8.48000000000000e+00 0.00000011224922
8.49000000000000e+00 0.00000011046820
8.50000000000000e+00 0.00000010871563
8.51000000000000e+00 0.00000010699106
8.52000000000000e+00 0.00000010529404
8.53000000000000e+00 0.00000010362413
8.54000000000000e+00 0.00000010198088
8.55000000000000e+00 0.00000010036388
8.56000000000000e+00 0.00000009877270
8.57000000000000e+00 0.00000009720692
8.58000000000000e+00 0.00000009566613
8.59000000000000e+00 0.00000009414994
8.60000000000000e+00 0.00000009265794
8.61000000000000e+00 0.00000009118976
8.62000000000000e+00 0.00000008974500
8.63000000000000e+00 0.00000008832329
8.64000000000000e+00 0.00000008692426
8.65000000000000e+00 0.00000008554754
8.66000000000000e+00 0.00000008419278
8.67000000000000e+00 0.00000008285962
8.68000000000000e+00 0.00000008154773
8.69000000000000e+00 0.00000008025674
8.70000000000000e+00 0.00000007898634
8.71000000000000e+00 0.00000007773618
8.72000000000000e+00 0.00000007650595
8.73000000000000e+00 0.00000007529532
8.74000000000000e+00 0.00000007410399
8.75000000000000e+00 0.00000007293163
8.76000000000000e+00 0.00000007177795
8.77000000000000e+00 0.00000007064264
8.78000000000000e+00 0.00000006952542
8.79000000000000e+00 0.00000006842599
8.80000000000000e+00 0.00000006734406
8.81000000000000e+00 0.00000006627936
8.82000000000000e+00 0.00000006523160
8.83000000000000e+00 0.00000006420053
8.84000000000000e+00 0.00000006318586
8.85000000000000e+00 0.00000006218734
8.86000000000000e+00 0.00000006120471
8.87000000000000e+00 0.00000006023771
8.88000000000000e+00 0.00000005928609
8.89000000000000e+00 0.00000005834961
8.90000000000000e+00 0.00000005742803
8.91000000000000e+00 0.00000005652110
8.92000000000000e+00 0.00000005562859
8.93000000000000e+00 0.00000005475027
8.94000000000000e+00 0.00000005388592
8.95000000000000e+00 0.00000005303530
8.96000000000000e+00 0.00000005219820
8.97000000000000e+00 0.00000005137441
8.98000000000000e+00 0.00000005056370
8.99000000000000e+00 0.00000004976587
9.00000000000000e+00 0.00000004898072
9.01000000000000e+00 0.00000004820804
9.02000000000000e+00 0.00000004744764
9.03000000000000e+00 0.00000004669931
9.04000000000000e+00 0.00000004596286
9.05000000000000e+00 0.00000004523810
9.06000000000000e+00 0.00000004452485
9.07000000000000e+00 0.00000004382292
9.08000000000000e+00 0.00000004313213
9.09000000000000e+00 0.00000004245231
9.10000000000000e+00 0.00000004178327
9.11000000000000e+00 0.00000004112485
9.12000000000000e+00 0.00000004047687
9.13000000000000e+00 0.00000003983917
9.14000000000000e+00 0.00000003921159
9.15000000000000e+00 0.00000003859396
9.16000000000000e+00 0.00000003798612
9.17000000000000e+00 0.00000003738792
9.18000000000000e+00 0.00000003679921
9.19000000000000e+00 0.00000003621982
9.20000000000000e+00 0.00000003564962
9.21000000000000e+00 0.00000003508846
9.22000000000000e+00 0.00000003453619
9.23000000000000e+00 0.00000003399267
9.24000000000000e+00 0.00000003345776
9.25000000000000e+00 0.00000003293132
9.26000000000000e+00 0.00000003241322
9.27000000000000e+00 0.00000003190333
9.28000000000000e+00 0.00000003140152
9.29000000000000e+00 0.00000003090764
9.30000000000000e+00 0.00000003042159
9.31000000000000e+00 0.00000002994323
9.32000000000000e+00 0.00000002947245
9.33000000000000e+00 0.00000002900911
9.34000000000000e+00 0.00000002855311
9.35000000000000e+00 0.00000002810433
9.36000000000000e+00 0.00000002766264
9.37000000000000e+00 0.00000002722794
9.38000000000000e+00 0.00000002680012
9.39000000000000e+00 0.00000002637906
9.40000000000000e+00 0.00000002596467
9.41000000000000e+00 0.00000002555682
9.42000000000000e+00 0.00000002515543
9.43000000000000e+00 0.00000002476038
9.44000000000000e+00 0.00000002437157
9.45000000000000e+00 0.00000002398891
9.46000000000000e+00 0.00000002361230
9.47000000000000e+00 0.00000002324164
9.48000000000000e+00 0.00000002287684
9.49000000000000e+00 0.00000002251780
9.50000000000000e+00 0.00000002216443
9.51000000000000e+00 0.00000002181665
9.52000000000000e+00 0.00000002147435
9.53000000000000e+00 0.00000002113747
9.54000000000000e+00 0.00000002080590
9.55000000000000e+00 0.00000002047957
9.56000000000000e+00 0.00000002015838
9.57000000000000e+00 0.00000001984227
9.58000000000000e+00 0.00000001953115
9.59000000000000e+00 0.00000001922494
9.60000000000000e+00 0.00000001892356
9.61000000000000e+00 0.00000001862694
9.62000000000000e+00 0.00000001833499
9.63000000000000e+00 0.00000001804765
9.64000000000000e+00 0.00000001776484
9.65000000000000e+00 0.00000001748650
9.66000000000000e+00 0.00000001721254
9.67000000000000e+00 0.00000001694290
9.68000000000000e+00 0.00000001667752
9.69000000000000e+00 0.00000001641631
9.70000000000000e+00 0.00000001615923
9.71000000000000e+00 0.00000001590620
9.72000000000000e+00 0.00000001565715
9.73000000000000e+00 0.00000001541203
9.74000000000000e+00 0.00000001517077
9.75000000000000e+00 0.00000001493331
9.76000000000000e+00 0.00000001469959
9.77000000000000e+00 0.00000001446956
9.78000000000000e+00 0.00000001424314
9.79000000000000e+00 0.00000001402030
9.80000000000000e+00 0.00000001380096
9.81000000000000e+00 0.00000001358507
9.82000000000000e+00 0.00000001337259
9.83000000000000e+00 0.00000001316344
9.84000000000000e+00 0.00000001295759
9.85000000000000e+00 0.00000001275498
9.86000000000000e+00 0.00000001255556
9.87000000000000e+00 0.00000001235927
9.88000000000000e+00 0.00000001216608
9.89000000000000e+00 0.00000001197592
9.90000000000000e+00 0.00000001178875
9.91000000000000e+00 0.00000001160453
9.92000000000000e+00 0.00000001142320
9.93000000000000e+00 0.00000001124473
9.94000000000000e+00 0.00000001106906
9.95000000000000e+00 0.00000001089615
9.96000000000000e+00 0.00000001072597
9.97000000000000e+00 0.00000001055845
9.98000000000000e+00 0.00000001039357
9.99000000000000e+00 0.00000001023128
1.00000000000000e+01 0.00000001007154
1.00100000000000e+01 0.00000000991431
1.00200000000000e+01 0.00000000975955
1.00300000000000e+01 0.00000000960722
1.00400000000000e+01 0.00000000945728
1.00500000000000e+01 0.00000000930970
1.00600000000000e+01 0.00000000916443
1.00700000000000e+01 0.00000000902145
1.00800000000000e+01 0.00000000888071
1.00900000000000e+01 0.00000000874218
1.01000000000000e+01 0.00000000860582
1.01100000000000e+01 0.00000000847161
1.01200000000000e+01 0.00000000833950
1.01300000000000e+01 0.00000000820946
1.01400000000000e+01 0.00000000808146
1.01500000000000e+01 0.00000000795547
1.01600000000000e+01 0.00000000783146
1.01700000000000e+01 0.00000000770939
1.01800000000000e+01 0.00000000758924
1.01900000000000e+01 0.00000000747097
1.02000000000000e+01 0.00000000735456
1.02100000000000e+01 0.00000000723997
1.02200000000000e+01 0.00000000712718
1.02300000000000e+01 0.00000000701615
1.02400000000000e+01 0.00000000690687
1.02500000000000e+01 0.00000000679930
1.02600000000000e+01 0.00000000669341
1.02700000000000e+01 0.00000000658918
1.02800000000000e+01 0.00000000648659
1.02900000000000e+01 0.00000000638560
1.03000000000000e+01 0.00000000628620
1.03100000000000e+01 0.00000000618835
1.03200000000000e+01 0.00000000609203
1.03300000000000e+01 0.00000000599722
1.03400000000000e+01 0.00000000590390
1.03500000000000e+01 0.00000000581204
1.03600000000000e+01 0.00000000572161
1.03700000000000e+01 0.00000000563261
1.03800000000000e+01 0.00000000554499
1.03900000000000e+01 0.00000000545874
1.04000000000000e+01 0.00000000537385
1.04100000000000e+01 0.00000000529028
1.04200000000000e+01 0.00000000520802
1.04300000000000e+01 0.00000000512705
1.04400000000000e+01 0.00000000504734
1.04500000000000e+01 0.00000000496888
1.04600000000000e+01 0.00000000489165
1.04700000000000e+01 0.00000000481563
1.04800000000000e+01 0.00000000474079
1.04900000000000e+01 0.00000000466712
1.05000000000000e+01 0.00000000459461
1.05100000000000e+01 0.00000000452323
1.05200000000000e+01 0.00000000445296
1.05300000000000e+01 0.00000000438379
1.05400000000000e+01 0.00000000431571
1.05500000000000e+01 0.00000000424868
1.05600000000000e+01 0.00000000418271
1.05700000000000e+01 0.00000000411776
1.05800000000000e+01 0.00000000405383
1.05900000000000e+01 0.00000000399090
1.06000000000000e+01 0.00000000392895
1.06100000000000e+01 0.00000000386797
1.06200000000000e+01 0.00000000380794
1.06300000000000e+01 0.00000000374884
1.06400000000000e+01 0.00000000369067
1.06500000000000e+01 0.00000000363341
1.06600000000000e+01 0.00000000357704
1.06700000000000e+01 0.00000000352155
1.06800000000000e+01 0.00000000346693
1.06900000000000e+01 0.00000000341316
1.07000000000000e+01 0.00000000336022
1.07100000000000e+01 0.00000000330812
1.07200000000000e+01 0.00000000325682
1.07300000000000e+01 0.00000000320633
1.07400000000000e+01 0.00000000315662
1.07500000000000e+01 0.00000000310769
1.07600000000000e+01 0.00000000305952
1.07700000000000e+01 0.00000000301210
1.07800000000000e+01 0.00000000296543
1.07900000000000e+01 0.00000000291948
1.08000000000000e+01 0.00000000287424
1.08100000000000e+01 0.00000000282971
1.08200000000000e+01 0.00000000278588
1.08300000000000e+01 0.00000000274272
1.08400000000000e+01 0.00000000270024
1.08500000000000e+01 0.00000000265842
1.08600000000000e+01 0.00000000261726
1.08700000000000e+01 0.00000000257673
1.08800000000000e+01 0.00000000253683
1.08900000000000e+01 0.00000000249756
1.09000000000000e+01 0.00000000245890
1.09100000000000e+01 0.00000000242084
1.09200000000000e+01 0.00000000238337
1.09300000000000e+01 0.00000000234649
1.09400000000000e+01 0.00000000231018
1.09500000000000e+01 0.00000000227443
1.09600000000000e+01 0.00000000223924
1.09700000000000e+01 0.00000000220460
1.09800000000000e+01 0.00000000217050
1.09900000000000e+01 0.00000000213692
1.10000000000000e+01 0.00000000210387
1.10100000000000e+01 0.00000000207134
1.10200000000000e+01 0.00000000203931
1.10300000000000e+01 0.00000000200778
1.10400000000000e+01 0.00000000197674
1.10500000000000e+01 0.00000000194618
1.10600000000000e+01 0.00000000191609
1.10700000000000e+01 0.00000000188648
1.10800000000000e+01 0.00000000185732
1.10900000000000e+01 0.00000000182862
1.11000000000000e+01 0.00000000180036
1.11100000000000e+01 0.00000000177255
1.11200000000000e+01 0.00000000174516
1.11300000000000e+01 0.00000000171820
1.11400000000000e+01 0.00000000169166
1.11500000000000e+01 0.00000000166553
1.11600000000000e+01 0.00000000163981
1.11700000000000e+01 0.00000000161449
1.11800000000000e+01 0.00000000158956
1.11900000000000e+01 0.00000000156501
1.12000000000000e+01 0.00000000154085
1.12100000000000e+01 0.00000000151706
1.12200000000000e+01 0.00000000149365
1.12300000000000e+01 0.00000000147059
1.12400000000000e+01 0.00000000144790
1.12500000000000e+01 0.00000000142555
1.12600000000000e+01 0.00000000140355
1.12700000000000e+01 0.00000000138190
1.12800000000000e+01 0.00000000136058
1.12900000000000e+01 0.00000000133959
1.13000000000000e+01 0.00000000131893
1.13100000000000e+01 0.00000000129858
1.13200000000000e+01 0.00000000127856
1.13300000000000e+01 0.00000000125884
1.13400000000000e+01 0.00000000123943
1.13500000000000e+01 0.00000000122032
1.13600000000000e+01 0.00000000120150
1.13700000000000e+01 0.00000000118298
1.13800000000000e+01 0.00000000116475
1.13900000000000e+01 0.00000000114679
1.14000000000000e+01 0.00000000112912
1.14100000000000e+01 0.00000000111172
1.14200000000000e+01 0.00000000109459
1.14300000000000e+01 0.00000000107772
1.14400000000000e+01 0.00000000106112
1.14500000000000e+01 0.00000000104477
1.14600000000000e+01 0.00000000102868
1.14700000000000e+01 0.00000000101283
1.14800000000000e+01 0.00000000099723
1.14900000000000e+01 0.00000000098187
1.15000000000000e+01 0.00000000096675
1.15100000000000e+01 0.00000000095187
1.15200000000000e+01 0.00000000093721
1.15300000000000e+01 0.00000000092278
1.15400000000000e+01 0.00000000090858
1.15500000000000e+01 0.00000000089459
1.15600000000000e+01 0.00000000088083
1.15700000000000e+01 0.00000000086727
1.15800000000000e+01 0.00000000085392
1.15900000000000e+01 0.00000000084078
1.16000000000000e+01 0.00000000082785
1.16100000000000e+01 0.00000000081511
1.16200000000000e+01 0.00000000080257
1.16300000000000e+01 0.00000000079023
1.16400000000000e+01 0.00000000077807
1.16500000000000e+01 0.00000000076611
